[PARAMETERS]
top_dir=hw9data
data_dir=hw9Images
out_dir=hw9outputs
pts_dir=hw9ImagesPts
img_type=book
box1=95,207,522,219,580,344,449,355,47,347,79,419,425,427,523,430
box2=4,323,409,154,569,226,490,284,129,497,153,567,462,369,524,328
book1=133,88,601,104,729,361,60,386,365,357,358,305,340,124,339,94
book2=123,192,522,35,759,205,323,501,532,333,490,292,341,145,313,117
#book1=310,355,535,123,704,594,862,261,891,269,96,77,646,401,678,373
#book2=332,366,536,122,784,597,900,264,930,272,76,75,679,403,701,373
#box1=4,323,339,180,409,154,474,182,569,226,490,284,129,497,153,567,462,369,524,328,406,242,384,241,355,256,381,277,426,297,403,197
#box2=95,207,425,213,522,219,547,268,580,344,449,355,47,347,79,419,425,427,523,430,419,287,400,277,363,276,364,303,381,336,435,240
#book1=133,88,601,104,729,361,60,386,365,357,358,305,340,124,339,94,487,99,495,128,553,300,571,351
#book2=123,192,522,35,759,205,323,501,532,333,490,292,341,145,313,117,436,69,463,91,619,216,661,248