[[-7.40669669e-06  1.07042367e-04  3.62421748e-02]
 [-1.05253715e-04 -1.23258875e-05  2.65300917e-02]
 [-3.25643497e-02 -2.64410052e-02  1.00000000e+00]] 2
236
[[-1.02035823e-05  1.39502494e-04  3.62848180e-02]
 [-1.37717376e-04 -1.65813078e-05  2.74170882e-02]
 [-3.18332870e-02 -2.57617458e-02  1.00000000e+00]] 2
[ 228.38747616 -243.39670673    1.        ] [ 155.8219884  -242.69435376    1.        ] [[   0.           -1.         -242.69435376]
 [   1.            0.         -155.8219884 ]
 [ 242.69435376  155.8219884     0.        ]]
[[1 0 0 0]
 [0 1 0 0]
 [0 0 1 0]] [[ 7.72589674e+00  6.25224682e+00 -2.42721771e+02  1.55821988e+02]
 [ 4.96031588e+00  4.01438595e+00 -1.55785704e+02 -2.42694354e+02]
 [-2.39357471e-02  3.12727353e-02  1.30783057e+01  1.00000000e+00]]
[[ 1.92150579e+00  5.79588332e+00 -1.11167829e+03]
 [-2.77404696e+00  2.80242399e+00  1.31565835e+03]
 [ 1.84397112e-03  5.83878036e-03  1.00000000e+00]] [[ 2.59426967e+00  5.76585701e+00 -1.25502433e+03]
 [-2.66603389e+00  3.28972896e+00  1.21382535e+03]
 [ 2.60705287e-03  5.79426814e-03  1.00000000e+00]]
652 1315 -1111 -365
[[[0 0 0]
  [0 0 0]
  [0 0 0]
  ...
  [0 0 0]
  [0 0 0]
  [0 0 0]]

 [[0 0 0]
  [0 0 0]
  [0 0 0]
  ...
  [0 0 0]
  [0 0 0]
  [0 0 0]]

 [[0 0 0]
  [0 0 0]
  [0 0 0]
  ...
  [0 0 0]
  [0 0 0]
  [0 0 0]]

 ...

 [[0 0 0]
  [0 0 0]
  [0 0 0]
  ...
  [0 0 0]
  [0 0 0]
  [0 0 0]]

 [[0 0 0]
  [0 0 0]
  [0 0 0]
  ...
  [0 0 0]
  [0 0 0]
  [0 0 0]]

 [[0 0 0]
  [0 0 0]
  [0 0 0]
  ...
  [0 0 0]
  [0 0 0]
  [0 0 0]]]
